ejemploTranspas
1 1000 0 0
2 1000 0 0
4 1000 8 0
8 1000 10 1
16 1000 10 1
32 1000 10 1
64 1000 10 1
128 1000 10 0
1000 1000 10 0

prueba1
1 1000 3 3
2 1000 4 4
4 1000 9 6
8 1000 10 8
16 1000 10 8
32 1000 10 8
64 1000 10 9
128 1000 10 7
1000 1000 10 7

reventador
1 1000 0.04
2 1000 0.04
4 1000 0.03
8 1000 0.03
16 1000 0.02
32 1000 0.02
64 1000 0.02
128 1000 0.02
256 1000 0.03
1000 1000 0.03

rejilla - OK - epsilon
1 1000 0 0.5
2 1000 0 0.46
4 1000 0 0.42
8 1000 0 0.4
16 1000 0 0.33
32 1000 0 0.25
64 1000 0 0.1
128 1000 0 0.01
256 1000 10 0
1000 1000 10 0


