ejemploTranspas
100 1 10 0
100 10 10 0
100 50 10 0
100 100 10 0
100 500 10 0
100 1000 10 1
100 5000 10 3
100 10000 10 5
100 100000 10 10

prueba1
100 1 10 0
100 10 10 1
100 50 10 1
100 100 10 1
100 500 10 7
100 1000 10 10
100 5000 10 10
100 10000 10 10
100 100000 10 10

reventador
100 1 0.08
100 10 0.07
100 50 0.04
100 100 0.04
100 500 0.03
100 1000 0.025
100 5000 0.02
100 10000 0.02
100 100000 -- ERROR

rejilla - OK - número de líneas finales
100 1 10 
100 10 10
100 50 10 
100 100 10 
100 500 10 
100 1000 10 
100 5000 10 
100 10000 10 122.6
100 100000 10 ERROR


