85.0 242.0 1.0
32.0 155.0 1.0
32.0 158.0 1.0
192.0 242.0 1.0
119.0 210.0 1.0
96.0 202.0 1.0
67.0 211.0 1.0
60.0 273.0 1.0
91.0 309.0 1.0
184.0 295.0 1.0
169.0 278.0 1.0
130.0 269.0 1.0
57.0 280.0 1.0
40.0 300.0 1.0
29.0 282.0 1.0
45.0 189.0 1.0
29.0 122.0 1.0
17.0 67.0 1.0
69.0 118.0 1.0
123.0 176.0 1.0
203.0 240.0 1.0
261.0 294.0 1.0
283.0 308.0 1.0
286.0 311.0 1.0
229.0 300.0 1.0
192.0 309.0 1.0
143.0 307.0 1.0
81.0 302.0 1.0
87.0 285.0 1.0
180.0 279.0 1.0
161.0 245.0 1.0
114.0 216.0 1.0
79.0 186.0 1.0
56.0 148.0 1.0
56.0 151.0 1.0
41.0 237.0 1.0
45.0 272.0 1.0
28.0 276.0 1.0
13.0 222.0 1.0
16.0 163.0 1.0
24.0 173.0 1.0
45.0 243.0 1.0
116.0 285.0 1.0
233.0 321.0 1.0
321.0 323.0 1.0
277.0 288.0 1.0
178.0 228.0 1.0
133.0 180.0 1.0
88.0 112.0 1.0
57.0 75.0 1.0
25.0 41.0 1.0
12.0 13.0 1.0
11.0 8.0 1.0
72.0 50.0 1.0
119.0 82.0 1.0
187.0 148.0 1.0
261.0 213.0 1.0
321.0 274.0 1.0
374.0 320.0 1.0
369.0 321.0 1.0
292.0 285.0 1.0
221.0 216.0 1.0
175.0 165.0 1.0
105.0 103.0 1.0
92.0 91.0 1.0
71.0 12.0 -1.0
79.0 25.0 -1.0
138.0 60.0 -1.0
173.0 87.0 -1.0
230.0 145.0 -1.0
313.0 211.0 -1.0
344.0 245.0 -1.0
335.0 234.0 -1.0
325.0 206.0 -1.0
331.0 165.0 -1.0
347.0 176.0 -1.0
364.0 215.0 -1.0
372.0 252.0 -1.0
334.0 211.0 -1.0
300.0 163.0 -1.0
238.0 113.0 -1.0
197.0 85.0 -1.0
147.0 45.0 -1.0
106.0 22.0 -1.0
97.0 14.0 -1.0
101.0 13.0 -1.0
135.0 14.0 -1.0
146.0 16.0 -1.0
188.0 52.0 -1.0
221.0 80.0 -1.0
278.0 112.0 -1.0
328.0 149.0 -1.0
357.0 178.0 -1.0
365.0 186.0 -1.0
367.0 159.0 -1.0
321.0 127.0 -1.0
284.0 96.0 -1.0
254.0 71.0 -1.0
225.0 51.0 -1.0
192.0 29.0 -1.0
179.0 19.0 -1.0
178.0 17.0 -1.0
197.0 20.0 -1.0
226.0 31.0 -1.0
245.0 39.0 -1.0
287.0 69.0 -1.0
308.0 89.0 -1.0
342.0 117.0 -1.0
360.0 132.0 -1.0
370.0 137.0 -1.0
372.0 116.0 -1.0
349.0 92.0 -1.0
307.0 59.0 -1.0
294.0 50.0 -1.0
269.0 30.0 -1.0
257.0 16.0 -1.0
265.0 16.0 -1.0
285.0 15.0 -1.0
315.0 27.0 -1.0
341.0 46.0 -1.0
371.0 81.0 -1.0
375.0 55.0 -1.0
371.0 44.0 -1.0
359.0 30.0 -1.0
335.0 13.0 -1.0
338.0 10.0 -1.0
354.0 10.0 -1.0
367.0 10.0 -1.0
372.0 11.0 -1.0
