1243.0 132.0 -1.0
1245.0 132.0 -1.0
1239.0 122.0 -1.0
1237.0 119.0 -1.0
1226.0 116.0 -1.0
1203.0 116.0 -1.0
1186.0 116.0 -1.0
1200.0 116.0 -1.0
1221.0 116.0 -1.0
1228.0 116.0 -1.0
1231.0 114.0 -1.0
1231.0 111.0 -1.0
1229.0 108.0 -1.0
1220.0 106.0 -1.0
1216.0 105.0 -1.0
1209.0 94.0 -1.0
1204.0 91.0 -1.0
1203.0 90.0 -1.0
1210.0 86.0 -1.0
1216.0 81.0 -1.0
1218.0 80.0 -1.0
1227.0 80.0 -1.0
1244.0 78.0 -1.0
1250.0 72.0 -1.0
1255.0 67.0 -1.0
1255.0 52.0 -1.0
1254.0 47.0 -1.0
1248.0 44.0 -1.0
1242.0 39.0 -1.0
1241.0 39.0 -1.0
1230.0 40.0 -1.0
1214.0 41.0 -1.0
1201.0 42.0 -1.0
1183.0 43.0 -1.0
1164.0 47.0 -1.0
1147.0 60.0 -1.0
1139.0 69.0 -1.0
1139.0 73.0 -1.0
1142.0 80.0 -1.0
1148.0 87.0 -1.0
1153.0 91.0 -1.0
1168.0 95.0 -1.0
1193.0 95.0 -1.0
1210.0 100.0 -1.0
1234.0 104.0 -1.0
1252.0 104.0 -1.0
1276.0 106.0 -1.0
1291.0 113.0 -1.0
1291.0 123.0 -1.0
1283.0 137.0 -1.0
1267.0 150.0 -1.0
1243.0 163.0 -1.0
1223.0 161.0 -1.0
1186.0 142.0 -1.0
1171.0 121.0 -1.0
1209.0 101.0 -1.0
1213.0 100.0 -1.0
1222.0 104.0 -1.0
1248.0 119.0 -1.0
1249.0 131.0 -1.0
1249.0 147.0 -1.0
1229.0 160.0 -1.0
1194.0 161.0 -1.0
1192.0 159.0 -1.0
1198.0 153.0 -1.0
1207.0 149.0 -1.0
1211.0 147.0 -1.0
1211.0 134.0 -1.0
1202.0 124.0 -1.0
1192.0 124.0 -1.0
1189.0 116.0 -1.0
1182.0 97.0 -1.0
1182.0 86.0 -1.0
1182.0 80.0 -1.0
1181.0 73.0 -1.0
1186.0 65.0 -1.0
1188.0 65.0 -1.0
1201.0 64.0 -1.0
1222.0 64.0 -1.0
1234.0 64.0 -1.0
1245.0 72.0 -1.0
1254.0 111.0 -1.0
1251.0 117.0 -1.0
1248.0 120.0 -1.0
1263.0 121.0 -1.0
1267.0 121.0 -1.0
1267.0 116.0 -1.0
1267.0 95.0 -1.0
1267.0 86.0 -1.0
1265.0 75.0 -1.0
1255.0 72.0 -1.0
1245.0 67.0 -1.0
1232.0 56.0 -1.0
1227.0 54.0 -1.0
1212.0 54.0 -1.0
1198.0 54.0 -1.0
1190.0 53.0 -1.0
1176.0 54.0 -1.0
1174.0 58.0 -1.0
1173.0 72.0 -1.0
1171.0 91.0 -1.0
1169.0 94.0 -1.0
1169.0 106.0 -1.0
1178.0 129.0 -1.0
1178.0 135.0 -1.0
1179.0 142.0 -1.0
1192.0 147.0 -1.0
1204.0 147.0 -1.0
1219.0 147.0 -1.0
1226.0 147.0 -1.0
1230.0 145.0 -1.0
1225.0 118.0 -1.0
1221.0 114.0 -1.0
1168.0 107.0 -1.0
1139.0 94.0 -1.0
1136.0 93.0 -1.0
1143.0 122.0 -1.0
1144.0 125.0 -1.0
1144.0 126.0 -1.0
1154.0 126.0 -1.0
1155.0 125.0 -1.0
1155.0 104.0 -1.0
1153.0 95.0 -1.0
1145.0 95.0 -1.0
1142.0 96.0 -1.0
1148.0 104.0 -1.0
1150.0 106.0 -1.0
1151.0 111.0 -1.0
1152.0 114.0 -1.0
1156.0 119.0 -1.0
1156.0 124.0 -1.0
1158.0 131.0 -1.0
1160.0 133.0 -1.0
1164.0 133.0 -1.0
380.0 418.0 1.0
380.0 418.0 1.0
380.0 418.0 1.0
381.0 418.0 1.0
381.0 413.0 1.0
406.0 394.0 1.0
406.0 394.0 1.0
405.0 394.0 1.0
389.0 394.0 1.0
388.0 394.0 1.0
384.0 399.0 1.0
382.0 400.0 1.0
384.0 408.0 1.0
401.0 417.0 1.0
403.0 419.0 1.0
403.0 418.0 1.0
401.0 417.0 1.0
399.0 414.0 1.0
388.0 416.0 1.0
376.0 437.0 1.0
379.0 441.0 1.0
383.0 434.0 1.0
398.0 423.0 1.0
399.0 420.0 1.0
396.0 418.0 1.0
389.0 418.0 1.0
342.0 417.0 1.0
316.0 422.0 1.0
348.0 406.0 1.0
370.0 405.0 1.0
382.0 405.0 1.0
381.0 421.0 1.0
375.0 438.0 1.0
362.0 441.0 1.0
362.0 433.0 1.0
369.0 404.0 1.0
381.0 395.0 1.0
396.0 386.0 1.0
398.0 389.0 1.0
404.0 398.0 1.0
411.0 426.0 1.0
411.0 465.0 1.0
407.0 456.0 1.0
404.0 412.0 1.0
404.0 404.0 1.0
402.0 401.0 1.0
384.0 401.0 1.0
365.0 402.0 1.0
371.0 403.0 1.0
392.0 409.0 1.0
393.0 409.0 1.0
401.0 402.0 1.0
403.0 400.0 1.0
404.0 404.0 1.0
410.0 422.0 1.0
406.0 424.0 1.0
376.0 444.0 1.0
374.0 447.0 1.0
375.0 447.0 1.0
383.0 448.0 1.0
390.0 448.0 1.0
393.0 445.0 1.0
401.0 440.0 1.0
404.0 438.0 1.0
404.0 436.0 1.0
403.0 434.0 1.0
397.0 434.0 1.0
394.0 435.0 1.0
383.0 435.0 1.0
358.0 433.0 1.0
356.0 431.0 1.0
360.0 428.0 1.0
365.0 426.0 1.0
368.0 425.0 1.0
368.0 420.0 1.0
368.0 412.0 1.0
364.0 417.0 1.0
361.0 421.0 1.0
342.0 421.0 1.0
339.0 421.0 1.0
347.0 423.0 1.0
351.0 419.0 1.0
353.0 412.0 1.0
353.0 402.0 1.0
346.0 402.0 1.0
336.0 405.0 1.0
335.0 408.0 1.0
332.0 413.0 1.0
324.0 417.0 1.0
322.0 418.0 1.0
322.0 419.0 1.0
325.0 423.0 1.0
325.0 426.0 1.0
329.0 428.0 1.0
341.0 437.0 1.0
350.0 437.0 1.0
356.0 437.0 1.0
380.0 437.0 1.0
370.0 435.0 1.0
359.0 435.0 1.0
941.0 176.0 1.0
942.0 138.0 1.0
943.0 81.0 1.0
942.0 43.0 1.0
940.0 11.0 1.0
918.0 154.0 1.0
892.0 120.0 1.0
869.0 88.0 1.0
847.0 60.0 1.0
831.0 38.0 1.0
817.0 20.0 1.0
807.0 8.0 1.0
343.0 77.0 -1.0
351.0 81.0 -1.0
383.0 86.0 -1.0
388.0 87.0 -1.0
388.0 97.0 -1.0
377.0 108.0 -1.0
353.0 108.0 -1.0
344.0 106.0 -1.0
320.0 81.0 -1.0
323.0 69.0 -1.0
345.0 67.0 -1.0
358.0 67.0 -1.0
375.0 73.0 -1.0
392.0 88.0 -1.0
406.0 111.0 -1.0
381.0 129.0 -1.0
321.0 133.0 -1.0
293.0 125.0 -1.0
294.0 94.0 -1.0
304.0 57.0 -1.0
320.0 50.0 -1.0
340.0 50.0 -1.0
387.0 68.0 -1.0
425.0 96.0 -1.0
436.0 116.0 -1.0
411.0 140.0 -1.0
358.0 164.0 -1.0
321.0 172.0 -1.0
283.0 124.0 -1.0
240.0 51.0 -1.0
238.0 33.0 -1.0
280.0 38.0 -1.0
314.0 44.0 -1.0
335.0 45.0 -1.0
356.0 45.0 -1.0
373.0 45.0 -1.0
392.0 53.0 -1.0
427.0 56.0 -1.0
450.0 53.0 -1.0
438.0 73.0 -1.0
421.0 85.0 -1.0
405.0 85.0 -1.0
369.0 84.0 -1.0
347.0 78.0 -1.0
301.0 63.0 -1.0
273.0 53.0 -1.0
262.0 54.0 -1.0
262.0 65.0 -1.0
264.0 79.0 -1.0
283.0 98.0 -1.0
302.0 103.0 -1.0
343.0 104.0 -1.0
350.0 106.0 -1.0
370.0 127.0 -1.0
388.0 140.0 -1.0
398.0 163.0 -1.0
396.0 165.0 -1.0
382.0 159.0 -1.0
364.0 135.0 -1.0
340.0 111.0 -1.0
312.0 97.0 -1.0
294.0 84.0 -1.0
300.0 84.0 -1.0
330.0 107.0 -1.0
331.0 125.0 -1.0
331.0 133.0 -1.0
351.0 162.0 -1.0
361.0 167.0 -1.0
319.0 166.0 -1.0
316.0 164.0 -1.0
306.0 131.0 -1.0
305.0 133.0 -1.0
316.0 163.0 -1.0
891.0 464.0 -1.0
873.0 492.0 -1.0
902.0 494.0 -1.0
860.0 457.0 -1.0
564.0 194.0 -1.0
591.0 212.0 -1.0
622.0 235.0 -1.0
699.0 295.0 1.0
676.0 279.0 -1.0
676.0 279.0 1.0
710.0 316.0 -1.0
754.0 352.0 -1.0
796.0 393.0 -1.0
