11.0 11.0 1.0
118.0 11.0 -1.0
225.0 11.0 1.0
341.0 12.0 -1.0
467.0 15.0 1.0
577.0 14.0 -1.0
696.0 18.0 1.0
807.0 15.0 -1.0
893.0 18.0 1.0
973.0 17.0 -1.0
1062.0 19.0 1.0
1150.0 19.0 -1.0
1240.0 17.0 1.0
1327.0 16.0 -1.0
1325.0 95.0 1.0
1240.0 94.0 -1.0
1152.0 95.0 1.0
1063.0 96.0 -1.0
979.0 97.0 1.0
885.0 88.0 -1.0
805.0 91.0 1.0
693.0 90.0 -1.0
579.0 85.0 1.0
464.0 84.0 -1.0
344.0 86.0 1.0
224.0 89.0 -1.0
117.0 86.0 1.0
13.0 82.0 -1.0
11.0 111.0 1.0
118.0 111.0 -1.0
225.0 111.0 1.0
341.0 112.0 -1.0
467.0 115.0 1.0
577.0 114.0 -1.0
696.0 118.0 1.0
807.0 115.0 -1.0
893.0 118.0 1.0
973.0 117.0 -1.0
1062.0 119.0 1.0
1150.0 119.0 -1.0
1240.0 117.0 1.0
1327.0 116.0 -1.0
1325.0 195.0 1.0
1240.0 194.0 -1.0
1152.0 195.0 1.0
1063.0 196.0 -1.0
979.0 197.0 1.0
885.0 188.0 -1.0
805.0 191.0 1.0
693.0 190.0 -1.0
579.0 185.0 1.0
464.0 184.0 -1.0
344.0 186.0 1.0
224.0 189.0 -1.0
117.0 186.0 1.0
13.0 182.0 -1.0
11.0 211.0 1.0
118.0 211.0 -1.0
225.0 211.0 1.0
341.0 212.0 -1.0
467.0 215.0 1.0
577.0 214.0 -1.0
696.0 218.0 1.0
807.0 215.0 -1.0
893.0 218.0 1.0
973.0 217.0 -1.0
1062.0 219.0 1.0
1150.0 219.0 -1.0
1240.0 217.0 1.0
1327.0 216.0 -1.0
1325.0 295.0 1.0
1240.0 294.0 -1.0
1152.0 295.0 1.0
1063.0 296.0 -1.0
979.0 297.0 1.0
885.0 288.0 -1.0
805.0 291.0 1.0
693.0 290.0 -1.0
579.0 285.0 1.0
464.0 284.0 -1.0
344.0 286.0 1.0
224.0 289.0 -1.0
117.0 286.0 1.0
13.0 282.0 -1.0
11.0 311.0 1.0
118.0 311.0 -1.0
225.0 311.0 1.0
341.0 312.0 -1.0
467.0 315.0 1.0
577.0 314.0 -1.0
696.0 318.0 1.0
807.0 315.0 -1.0
893.0 318.0 1.0
973.0 317.0 -1.0
1062.0 319.0 1.0
1150.0 319.0 -1.0
1240.0 317.0 1.0
1327.0 316.0 -1.0
1325.0 395.0 1.0
1240.0 394.0 -1.0
1152.0 395.0 1.0
1063.0 396.0 -1.0
979.0 397.0 1.0
885.0 388.0 -1.0
805.0 391.0 1.0
693.0 390.0 -1.0
579.0 385.0 1.0
464.0 384.0 -1.0
344.0 386.0 1.0
224.0 389.0 -1.0
117.0 386.0 1.0
13.0 382.0 -1.0
11.0 411.0 1.0
118.0 411.0 -1.0
225.0 411.0 1.0
341.0 412.0 -1.0
467.0 415.0 1.0
577.0 414.0 -1.0
696.0 418.0 1.0
807.0 415.0 -1.0
893.0 418.0 1.0
973.0 417.0 -1.0
1062.0 419.0 1.0
1150.0 419.0 -1.0
1240.0 417.0 1.0
1327.0 416.0 -1.0
1325.0 495.0 1.0
1240.0 494.0 -1.0
1152.0 495.0 1.0
1063.0 496.0 -1.0
979.0 497.0 1.0
885.0 488.0 -1.0
805.0 491.0 1.0
693.0 490.0 -1.0
579.0 485.0 1.0
464.0 484.0 -1.0
344.0 486.0 1.0
224.0 489.0 -1.0
117.0 486.0 1.0
13.0 482.0 -1.0
11.0 511.0 1.0
118.0 511.0 -1.0
225.0 511.0 1.0
341.0 512.0 -1.0
467.0 515.0 1.0
577.0 514.0 -1.0
696.0 518.0 1.0
807.0 515.0 -1.0
893.0 518.0 1.0
973.0 517.0 -1.0
1062.0 519.0 1.0
1150.0 519.0 -1.0
1240.0 517.0 1.0
1327.0 516.0 -1.0
1325.0 595.0 1.0
1240.0 594.0 -1.0
1152.0 595.0 1.0
1063.0 596.0 -1.0
979.0 597.0 1.0
885.0 588.0 -1.0
805.0 591.0 1.0
693.0 590.0 -1.0
579.0 585.0 1.0
464.0 584.0 -1.0
344.0 586.0 1.0
224.0 589.0 -1.0
117.0 586.0 1.0
13.0 582.0 -1.0
