519.0 359.0 1.0
517.0 331.0 1.0
581.0 325.0 1.0
605.0 352.0 1.0
597.0 396.0 1.0
526.0 390.0 1.0
496.0 322.0 -1.0
576.0 297.0 -1.0
641.0 319.0 -1.0
654.0 377.0 -1.0
609.0 460.0 -1.0
554.0 471.0 -1.0
482.0 417.0 -1.0
469.0 373.0 -1.0
482.0 270.0 1.0
511.0 259.0 1.0
560.0 250.0 1.0
662.0 256.0 1.0
727.0 310.0 1.0
740.0 398.0 1.0
701.0 472.0 1.0
617.0 531.0 1.0
503.0 547.0 1.0
427.0 514.0 1.0
375.0 412.0 1.0
389.0 320.0 1.0
482.0 158.0 -1.0
695.0 167.0 -1.0
846.0 242.0 -1.0
879.0 343.0 -1.0
836.0 464.0 -1.0
769.0 545.0 -1.0
652.0 627.0 -1.0
518.0 631.0 -1.0
388.0 609.0 -1.0
306.0 557.0 -1.0
263.0 481.0 -1.0
285.0 359.0 -1.0
340.0 261.0 -1.0
401.0 207.0 -1.0
587.0 299.0 -1.0
592.0 300.0 -1.0
598.0 302.0 -1.0
606.0 303.0 -1.0
614.0 305.0 -1.0
618.0 307.0 -1.0
623.0 311.0 -1.0
629.0 314.0 -1.0
631.0 317.0 -1.0
533.0 332.0 1.0
553.0 331.0 1.0
574.0 331.0 1.0
586.0 335.0 1.0
597.0 348.0 1.0
601.0 354.0 1.0
604.0 359.0 1.0
604.0 367.0 1.0
604.0 376.0 1.0
598.0 385.0 1.0
591.0 392.0 1.0
578.0 398.0 1.0
559.0 398.0 1.0
547.0 393.0 1.0
530.0 381.0 1.0
520.0 365.0 1.0
525.0 334.0 1.0
537.0 326.0 1.0
558.0 325.0 1.0
579.0 334.0 1.0
588.0 341.0 1.0
595.0 358.0 1.0
598.0 372.0 1.0
590.0 388.0 1.0
577.0 395.0 1.0
558.0 395.0 1.0
532.0 378.0 1.0
546.0 346.0 -1.0
561.0 343.0 -1.0
567.0 347.0 -1.0
577.0 352.0 -1.0
580.0 354.0 -1.0
580.0 355.0 -1.0
580.0 365.0 -1.0
578.0 374.0 -1.0
573.0 375.0 -1.0
561.0 374.0 -1.0
554.0 372.0 -1.0
545.0 363.0 -1.0
544.0 347.0 -1.0
561.0 353.0 1.0
564.0 355.0 1.0
566.0 356.0 1.0
565.0 360.0 1.0
561.0 362.0 1.0
555.0 362.0 1.0
554.0 354.0 1.0
562.0 354.0 1.0
559.0 356.0 -1.0
559.0 356.0 1.0
